0.000000000000000000e+00 0.000000000000000000e+00 0 0.000000000000000000e+00
2.999999999999999889e-01 0.000000000000000000e+00 0 2.955202066613395462e-01
5.999999999999999778e-01 0.000000000000000000e+00 0 5.646424733950353714e-01
8.999999999999999112e-01 0.000000000000000000e+00 0 7.833269096274833032e-01
1.199999999999999956e+00 0.000000000000000000e+00 0 9.320390859672262884e-01
1.500000000000000000e+00 0.000000000000000000e+00 0 9.974949866040544455e-01
1.799999999999999822e+00 0.000000000000000000e+00 0 9.738476308781952584e-01
2.100000000000000089e+00 0.000000000000000000e+00 0 8.632093666488737105e-01
2.399999999999999911e+00 0.000000000000000000e+00 0 6.754631805511509546e-01
2.699999999999999734e+00 0.000000000000000000e+00 0 4.273798802338301672e-01
0.000000000000000000e+00 2.999999999999999889e-01 0 0.000000000000000000e+00
2.999999999999999889e-01 2.999999999999999889e-01 0 2.797917453523368070e-01
5.999999999999999778e-01 2.999999999999999889e-01 0 5.298007987455030099e-01
8.999999999999999112e-01 2.999999999999999889e-01 0 7.284059103937156054e-01
1.199999999999999956e+00 2.999999999999999889e-01 0 8.589262783109811172e-01
1.500000000000000000e+00 2.999999999999999889e-01 0 9.110114509816885642e-01
1.799999999999999822e+00 2.999999999999999889e-01 0 8.814455224897439489e-01
2.100000000000000089e+00 2.999999999999999889e-01 0 7.743048112382565629e-01
2.399999999999999911e+00 2.999999999999999889e-01 0 6.004665840130357646e-01
2.699999999999999734e+00 2.999999999999999889e-01 0 3.765239325384018843e-01
0.000000000000000000e+00 5.999999999999999778e-01 0 0.000000000000000000e+00
2.999999999999999889e-01 5.999999999999999778e-01 0 2.395523674882633625e-01
5.999999999999999778e-01 5.999999999999999778e-01 0 4.495412287125835071e-01
8.999999999999999112e-01 5.999999999999999778e-01 0 6.125220541471310121e-01
1.199999999999999956e+00 5.999999999999999778e-01 0 7.158062874630222172e-01
1.500000000000000000e+00 5.999999999999999778e-01 0 7.524104252846628427e-01
1.799999999999999822e+00 5.999999999999999778e-01 0 7.214691978756837543e-01
2.100000000000000089e+00 5.999999999999999778e-01 0 6.280954187064108352e-01
2.399999999999999911e+00 5.999999999999999778e-01 0 4.827184090194838739e-01
2.699999999999999734e+00 5.999999999999999778e-01 0 2.999776877025304156e-01
0.000000000000000000e+00 8.999999999999999112e-01 0 0.000000000000000000e+00
2.999999999999999889e-01 8.999999999999999112e-01 0 1.788048114725517834e-01
5.999999999999999778e-01 8.999999999999999112e-01 0 3.325367222361313990e-01
8.999999999999999112e-01 8.999999999999999112e-01 0 4.490380708120744191e-01
1.199999999999999956e+00 8.999999999999999112e-01 0 5.200538209016550839e-01
1.500000000000000000e+00 8.999999999999999112e-01 0 5.417500210135391958e-01
1.799999999999999822e+00 8.999999999999999112e-01 0 5.148174703573471511e-01
2.100000000000000089e+00 8.999999999999999112e-01 0 4.441733087861864937e-01
2.399999999999999911e+00 8.999999999999999112e-01 0 3.383078248294742463e-01
2.699999999999999734e+00 8.999999999999999112e-01 0 2.083523888569861482e-01
0.000000000000000000e+00 1.199999999999999956e+00 0 0.000000000000000000e+00
2.999999999999999889e-01 1.199999999999999956e+00 0 1.032975783146977966e-01
5.999999999999999778e-01 1.199999999999999956e+00 0 1.903890208816851337e-01
8.999999999999999112e-01 1.199999999999999956e+00 0 2.547867280996114481e-01
1.199999999999999956e+00 1.199999999999999956e+00 0 2.924376461521721593e-01
1.500000000000000000e+00 1.199999999999999956e+00 0 3.019084542050776143e-01
1.799999999999999822e+00 1.199999999999999956e+00 0 2.843288730230210670e-01
2.100000000000000089e+00 1.199999999999999956e+00 0 2.431148539849486145e-01
2.399999999999999911e+00 1.199999999999999956e+00 0 1.835111384803667367e-01
2.699999999999999734e+00 1.199999999999999956e+00 0 1.120057247517989296e-01
0.000000000000000000e+00 1.500000000000000000e+00 0 0.000000000000000000e+00
2.999999999999999889e-01 1.500000000000000000e+00 0 1.998443182699613518e-02
5.999999999999999778e-01 1.500000000000000000e+00 0 3.650353431396862608e-02
8.999999999999999112e-01 1.500000000000000000e+00 0 4.841290759340909078e-02
1.199999999999999956e+00 1.500000000000000000e+00 0 5.506922871075766585e-02
1.500000000000000000e+00 1.500000000000000000e+00 0 5.634330761362899009e-02
1.799999999999999822e+00 1.500000000000000000e+00 0 5.258711884928345126e-02
2.100000000000000089e+00 1.500000000000000000e+00 0 4.456164943513219595e-02
2.399999999999999911e+00 1.500000000000000000e+00 0 3.333523664300920564e-02
2.699999999999999734e+00 1.500000000000000000e+00 0 2.016381402397083092e-02
0.000000000000000000e+00 1.799999999999999822e+00 0 -0.000000000000000000e+00
2.999999999999999889e-01 1.799999999999999822e+00 0 -6.361325389351830950e-02
5.999999999999999778e-01 1.799999999999999822e+00 0 -1.151548066402971054e-01
8.999999999999999112e-01 1.799999999999999822e+00 0 -1.513560102150280362e-01
1.199999999999999956e+00 1.799999999999999822e+00 0 -1.706235007285158700e-01
1.500000000000000000e+00 1.799999999999999822e+00 0 -1.730069470781721575e-01
1.799999999999999822e+00 1.799999999999999822e+00 0 -1.600265089355185633e-01
2.100000000000000089e+00 1.799999999999999822e+00 0 -1.343894452156228214e-01
2.399999999999999911e+00 1.799999999999999822e+00 0 -9.963198786987521871e-02
2.699999999999999734e+00 1.799999999999999822e+00 0 -5.972543009293029143e-02
0.000000000000000000e+00 2.100000000000000089e+00 0 -0.000000000000000000e+00
2.999999999999999889e-01 2.100000000000000089e+00 0 -1.400830661424488088e-01
5.999999999999999778e-01 2.100000000000000089e+00 0 -2.513109710757482906e-01
8.999999999999999112e-01 2.100000000000000089e+00 0 -3.273560702895764174e-01
1.199999999999999956e+00 2.100000000000000089e+00 0 -3.657218647108217979e-01
1.500000000000000000e+00 2.100000000000000089e+00 0 -3.675081455883265624e-01
1.799999999999999822e+00 2.100000000000000089e+00 0 -3.368889043830542440e-01
2.100000000000000089e+00 2.100000000000000089e+00 0 -2.803827475982966777e-01
2.399999999999999911e+00 2.100000000000000089e+00 0 -2.060042932190316034e-01
2.699999999999999734e+00 2.100000000000000089e+00 0 -1.223849772264627989e-01
0.000000000000000000e+00 2.399999999999999911e+00 0 -0.000000000000000000e+00
2.999999999999999889e-01 2.399999999999999911e+00 0 -2.027764012073642041e-01
5.999999999999999778e-01 2.399999999999999911e+00 0 -3.605243230344284955e-01
8.999999999999999112e-01 2.399999999999999911e+00 0 -4.654090993192259718e-01
1.199999999999999956e+00 2.399999999999999911e+00 0 -5.152959706434414588e-01
1.500000000000000000e+00 2.399999999999999911e+00 0 -5.131734037784679847e-01
1.799999999999999822e+00 2.399999999999999911e+00 0 -4.662031760726261798e-01
2.100000000000000089e+00 2.399999999999999911e+00 0 -3.845308228866509137e-01
2.399999999999999911e+00 2.399999999999999911e+00 0 -2.799932045147578430e-01
2.699999999999999734e+00 2.399999999999999911e+00 0 -1.648506563998977659e-01
0.000000000000000000e+00 2.699999999999999734e+00 0 -0.000000000000000000e+00
2.999999999999999889e-01 2.699999999999999734e+00 0 -2.463839513689798921e-01
5.999999999999999778e-01 2.699999999999999734e+00 0 -4.341311258407495322e-01
8.999999999999999112e-01 2.699999999999999734e+00 0 -5.554085667946999649e-01
1.199999999999999956e+00 2.699999999999999734e+00 0 -6.094327660822610460e-01
1.500000000000000000e+00 2.699999999999999734e+00 0 -6.014846431298971341e-01
1.799999999999999822e+00 2.699999999999999734e+00 0 -5.415355613839238913e-01
2.100000000000000089e+00 2.699999999999999734e+00 0 -4.426640571255950896e-01
2.399999999999999911e+00 2.699999999999999734e+00 0 -3.194345911426175189e-01
2.699999999999999734e+00 2.699999999999999734e+00 0 -1.863873710963069863e-01
