   0.1013365E+01   0.1093183E+01   0.1049586E+01  -0.1326091E-01  -0.1936310E-02  -0.4262457E-01   0.9975596E-04  0   0.9517134E-01
   0.9694163E+00   0.9684488E+00   0.9435903E+00  -0.3668396E-01   0.4005245E-01  -0.1132340E-01   0.5355229E-06  0   0.3399911E-01
   0.1032386E+01   0.9032217E+00   0.1030171E+01   0.1464088E-01  -0.1770127E-01   0.3556924E-01   0.4454823E-04  0   0.3191721E-01
   0.9413749E+00   0.1093708E+01   0.1019680E+01   0.1729807E-01  -0.4311769E-02  -0.1699849E-01   0.4012869E-04  0   0.3301801E-01
   0.1051091E+01   0.1021139E+01   0.1043810E+01   0.3973346E-01   0.1582291E-01  -0.3492832E-01   0.1003829E-04  0   0.3674145E-01
   0.1095732E+01   0.1099828E+01   0.9513596E+00   0.5086540E-02   0.1590475E-01   0.5400514E-02   0.6123149E-04  0   0.8104938E-01
   0.1080385E+01   0.1031585E+01   0.1045772E+01  -0.9754473E-02   0.4286277E-01  -0.3521648E-01   0.9777601E-04  0   0.9582979E-01
   0.1053923E+01   0.9678645E+00   0.9231638E+00   0.1143692E-01   0.3206171E-01   0.4470947E-01   0.6745293E-04  0   0.4332689E-01
   0.9995208E+00   0.9749603E+00   0.9843012E+00   0.5290304E-02   0.4979193E-01   0.4903947E-01   0.7311287E-04  0   0.3750288E-01
   0.1090752E+01   0.9186549E+00   0.1046805E+01   0.2517616E-01   0.4468485E-01   0.2061764E-01   0.7463097E-04  0   0.5582877E-01
   0.1011719E+01   0.9123411E+00   0.9960762E+00   0.9768977E-02  -0.3624681E-01   0.8739520E-02   0.8138097E-04  0   0.4672947E-01
   0.1077176E+01   0.9607620E+00   0.1033931E+01   0.1649401E-01   0.3676899E-03  -0.2384249E-01   0.5199683E-04  0   0.3715918E-01
   0.9202499E+00   0.1009853E+01   0.9751170E+00  -0.4848505E-01   0.2929154E-01   0.1208775E-01   0.7655950E-05  0   0.3120854E-01
   0.1090716E+01   0.9228489E+00   0.9636925E+00   0.9681985E-02  -0.4518471E-01  -0.3857942E-01   0.7736036E-04  0   0.5062989E-01
   0.9201147E+00   0.9146684E+00   0.9493723E+00  -0.5661573E-02  -0.2916324E-01   0.6699834E-02   0.2159649E-04  0   0.9415842E-01
   0.9840581E+00   0.9795706E+00   0.1095317E+01   0.1926050E-01  -0.4950566E-01  -0.3700790E-01   0.2431240E-05  0   0.2592621E-01
   0.1067956E+01   0.1035698E+01   0.1016390E+01   0.2335259E-01  -0.3839573E-01   0.3402997E-01   0.4677726E-05  0   0.3800430E-01
   0.1049307E+01   0.1068640E+01   0.1005768E+01   0.1654847E-01   0.2307366E-01  -0.8939574E-02   0.8349960E-04  0   0.6547893E-01
   0.1047075E+01   0.9942635E+00   0.9925251E+00   0.2596917E-01   0.2024594E-01  -0.2420342E-01   0.3557216E-04  0   0.1947907E-01
   0.9912207E+00   0.1061698E+01   0.1081770E+01   0.1948767E-01  -0.2805115E-01   0.3549546E-01   0.9377050E-04  0   0.8165817E-01
   0.9602226E+00   0.1034394E+01   0.1023743E+01   0.4675736E-01   0.4902393E-01  -0.1619935E-01   0.7443967E-04  0   0.3966735E-01
   0.9678147E+00   0.1086189E+01   0.1009306E+01  -0.3448741E-02  -0.3230859E-01  -0.1220059E-01   0.9207672E-04  0   0.5120634E-01
   0.9713717E+00   0.1033135E+01   0.1023710E+01  -0.3105276E-02  -0.1837481E-01  -0.2311201E-01   0.1752206E-04  0   0.1139694E-01
   0.9830856E+00   0.1095861E+01   0.1008642E+01  -0.3704817E-01   0.3047417E-01   0.3458210E-01   0.1999212E-04  0   0.3667824E-01
   0.1005795E+01   0.1032768E+01   0.1080148E+01   0.4411643E-01  -0.3855797E-01   0.3666676E-01   0.7090328E-04  0   0.6687163E-01
   0.9485575E+00   0.9320792E+00   0.9042471E+00  -0.3097460E-01  -0.1876599E-01   0.3096476E-01   0.6323681E-04  0   0.1082874E+00
   0.1065252E+01   0.9572910E+00   0.9321030E+00  -0.1690759E-01  -0.2341466E-01   0.4478113E-02   0.5737185E-04  0   0.3452481E-01
   0.9043230E+00   0.9297496E+00   0.9209807E+00   0.1142138E-01  -0.9370902E-02   0.4015283E-01   0.5535203E-04  0   0.1286119E+00
   0.9313240E+00   0.1087392E+01   0.9270946E+00  -0.1287178E-01  -0.1784888E-01   0.2149642E-01   0.9428381E-04  0   0.5621125E-01
   0.9757186E+00   0.1065787E+01   0.1090733E+01  -0.1915807E-01   0.7974062E-02  -0.2665511E-01   0.7297078E-04  0   0.7178839E-01
   0.9516265E+00   0.1067949E+01   0.1007531E+01   0.1215704E-01  -0.9175281E-03  -0.2151576E-01   0.8444035E-04  0   0.3909297E-01
   0.1030276E+01   0.1021434E+01   0.9796292E+00   0.3487947E-01   0.1376170E-01  -0.2411767E-01   0.2355592E-04  0   0.1532360E-01
   0.1012366E+01   0.9242937E+00   0.1095694E+01  -0.1167936E-01   0.2206988E-01  -0.1417360E-01   0.3588310E-04  0   0.3136277E-01
   0.1008737E+01   0.1091935E+01   0.1085895E+01   0.1333208E-01  -0.2043910E-01  -0.3252604E-01   0.9098816E-04  0   0.1135341E+00
   0.1023718E+01   0.1041179E+01   0.9484880E+00   0.2979610E-01  -0.1089860E-01  -0.3900407E-01   0.8425786E-04  0   0.3965716E-01
   0.9059594E+00   0.1040132E+01   0.1005041E+01   0.2525598E-01   0.1476779E-01   0.3710848E-01   0.7536879E-04  0   0.4386052E-01
   0.1091436E+01   0.9444535E+00   0.1015899E+01   0.4907605E-01   0.3399674E-01  -0.3251945E-01   0.8307213E-04  0   0.5581627E-01
   0.9603101E+00   0.9050083E+00   0.1083348E+01   0.1888066E-01   0.2567578E-01   0.4327280E-01   0.7095418E-04  0   0.5184333E-01
   0.9997900E+00   0.9118998E+00   0.9343732E+00   0.1883620E-01  -0.1933795E-01   0.2351902E-01   0.5500992E-05  0   0.5335724E-01
   0.9791442E+00   0.9175570E+00   0.9097926E+00   0.2793619E-01   0.1807767E-01  -0.1884300E-01   0.7521684E-04  0   0.9645576E-01
   0.1001159E+01   0.9877052E+00   0.1017528E+01  -0.2026748E-01  -0.2051004E-01  -0.4262156E-01   0.5227647E-04  0   0.2322761E-01
   0.1045633E+01   0.1051618E+01   0.9618352E+00  -0.2535017E-01  -0.2431127E-01   0.1180628E-01   0.9749457E-04  0   0.5028940E-01
   0.1098436E+01   0.9449638E+00   0.1089457E+01   0.3477854E-01   0.2001263E-01   0.5444401E-02   0.9377882E-04  0   0.8980829E-01
   0.9498364E+00   0.1079533E+01   0.9291460E+00  -0.6540638E-02  -0.4262378E-02  -0.1906195E-01   0.4415839E-04  0   0.3229025E-01
   0.1037949E+01   0.1062160E+01   0.9784329E+00  -0.2068513E-01   0.7597806E-02   0.2253418E-01   0.4809246E-04  0   0.3467638E-01
   0.9667111E+00   0.9320780E+00   0.1006919E+01   0.2233253E-01  -0.2718197E-01  -0.3009936E-01   0.1427733E-04  0   0.2870006E-01
   0.1098714E+01   0.9163904E+00   0.9501761E+00  -0.2841510E-01  -0.3042229E-01   0.3502652E-01   0.9726196E-04  0   0.6117980E-01
   0.1072784E+01   0.9134267E+00   0.9854635E+00  -0.3626812E-01  -0.3809125E-01  -0.1940505E-01   0.4468235E-05  0   0.2383796E-01
   0.1032733E+01   0.1079182E+01   0.1050736E+01   0.1298705E-01  -0.2790120E-01  -0.1616265E-02   0.6132370E-04  0   0.7846478E-01
   0.1097532E+01   0.1011838E+01   0.9741768E+00  -0.1624053E-01   0.2454251E-01   0.6973490E-02   0.6150204E-04  0   0.4578850E-01
   0.1029638E+01   0.1036719E+01   0.9340781E+00  -0.2269339E-01  -0.5923751E-02  -0.4227797E-02   0.4561367E-04  0   0.2294277E-01
   0.1037667E+01   0.9597777E+00   0.9410455E+00  -0.3077157E-01  -0.8100005E-02   0.1906453E-01   0.3952567E-04  0   0.2779270E-01
   0.9287483E+00   0.1032493E+01   0.1015135E+01   0.2749505E-01   0.2752966E-01   0.2653541E-01   0.1405555E-04  0   0.1696766E-01
   0.9198428E+00   0.9669031E+00   0.1029019E+01  -0.3683819E-01   0.3075437E-01   0.4187232E-02   0.8765107E-04  0   0.5226793E-01
   0.9917750E+00   0.1002185E+01   0.1000967E+01   0.4617739E-01   0.5023517E-02  -0.3103712E-01   0.2657526E-04  0   0.1517963E-01
   0.9497475E+00   0.1094018E+01   0.1055278E+01  -0.2272996E-01  -0.3049260E-03  -0.1012484E-01   0.2011189E-04  0   0.3921883E-01
   0.9170537E+00   0.1047400E+01   0.1072574E+01  -0.1589649E-01   0.1944408E-01   0.1418832E-01   0.6132963E-04  0   0.4009820E-01
   0.1041597E+01   0.1018492E+01   0.9465573E+00  -0.4248022E-01  -0.1756641E-01   0.4130915E-01   0.8549561E-05  0   0.1644272E-01
   0.9905535E+00   0.1045435E+01   0.9056716E+00   0.1702984E-02   0.2676613E-01   0.3943646E-01   0.2042866E-04  0   0.2847982E-01
   0.9579612E+00   0.1006293E+01   0.9465651E+00  -0.1872234E-01  -0.3584787E-01  -0.1574191E-01   0.9444901E-04  0   0.5071961E-01
   0.1069843E+01   0.1094410E+01   0.9881848E+00   0.2744413E-01  -0.4378568E-02   0.3645005E-01   0.1535281E-04  0   0.6220856E-01
   0.1027467E+01   0.1044808E+01   0.1020842E+01  -0.4737058E-01  -0.2072341E-01  -0.3028083E-01   0.7279751E-04  0   0.5114936E-01
   0.1006369E+01   0.9020718E+00   0.9904271E+00   0.4635829E-01   0.4861180E-01  -0.1590868E-01   0.9486621E-04  0   0.6605428E-01
   0.9653416E+00   0.1040847E+01   0.1058090E+01   0.2235637E-01   0.2289557E-01  -0.5461809E-02   0.9592914E-04  0   0.5020843E-01
   0.1084445E+01   0.1049685E+01   0.9853460E+00  -0.2825728E-01   0.2294135E-01   0.2969150E-01   0.3817792E-04  0   0.5151297E-01
   0.1077083E+01   0.9766251E+00   0.9481593E+00  -0.1849167E-01  -0.6709533E-02  -0.4520174E-01   0.5584233E-04  0   0.3332705E-01
   0.1047465E+01   0.1074557E+01   0.9615974E+00   0.3433177E-01   0.3160921E-01  -0.9319930E-02   0.4240797E-04  0   0.4046091E-01
   0.1070450E+01   0.1002416E+01   0.1055283E+01  -0.7139955E-03  -0.2951464E-01  -0.5486913E-02   0.8649882E-04  0   0.6964746E-01
   0.9109425E+00   0.1040099E+01   0.1083847E+01  -0.1109866E-01  -0.2511217E-01  -0.1336530E-01   0.4335546E-04  0   0.3603847E-01
   0.1032416E+01   0.9359469E+00   0.1074475E+01  -0.2560425E-01  -0.3836081E-01   0.3182195E-01   0.9986637E-04  0   0.5667431E-01
   0.1097611E+01   0.9832611E+00   0.1061640E+01  -0.2600616E-01   0.4702582E-01  -0.1236818E-01   0.5356403E-04  0   0.7343229E-01
   0.9273799E+00   0.1053694E+01   0.9202398E+00   0.5194622E-02   0.3316517E-01  -0.1227413E-01   0.6334005E-04  0   0.5248979E-01
   0.1024932E+01   0.1010463E+01   0.9423221E+00   0.3227197E-01  -0.1363981E-01  -0.2694778E-01   0.8677677E-04  0   0.3797243E-01
   0.1036019E+01   0.9858090E+00   0.9904610E+00   0.4276085E-01  -0.5376881E-02   0.1672492E-01   0.3291144E-04  0   0.1706506E-01
   0.1058165E+01   0.9395480E+00   0.9512759E+00   0.1768045E-01   0.3985309E-01  -0.1249860E-01   0.7808537E-04  0   0.4348829E-01
   0.9804005E+00   0.1098193E+01   0.1094950E+01   0.4702780E-01   0.4688372E-01  -0.1252730E-01   0.2003663E-05  0   0.7948100E-01
   0.1050145E+01   0.1064902E+01   0.1044889E+01  -0.1329477E-01   0.1220521E-01  -0.1936773E-01   0.9728403E-05  0   0.5537526E-01
   0.1035276E+01   0.1066013E+01   0.1011265E+01   0.5944491E-02  -0.1721961E-01   0.2307041E-01   0.3012769E-04  0   0.3864439E-01
   0.1006575E+01   0.1056839E+01   0.9431564E+00  -0.1746866E-01   0.1450264E-03  -0.2770821E-01   0.1582530E-04  0   0.1442075E-01
   0.9373598E+00   0.9390218E+00   0.9413837E+00   0.4058059E-01   0.2999189E-01   0.2349484E-01   0.4664986E-04  0   0.8107784E-01
   0.1062198E+01   0.1097675E+01   0.9982241E+00  -0.2806834E-01   0.2618820E-01   0.4073087E-01   0.4153481E-04  0   0.7654803E-01
   0.1074124E+01   0.9077214E+00   0.1087607E+01  -0.4530972E-01   0.3970821E-01  -0.4802542E-01   0.5896384E-04  0   0.6378951E-01
   0.1096039E+01   0.1022332E+01   0.1017514E+01   0.4622538E-01   0.3934200E-01  -0.2977817E-01   0.9992442E-04  0   0.8888306E-01
   0.9509981E+00   0.1078086E+01   0.9539150E+00   0.3890197E-01   0.1914392E-02  -0.1327938E-01   0.1273317E-05  0   0.1624952E-01
   0.1075390E+01   0.1036289E+01   0.9724924E+00  -0.3018091E-01  -0.3127722E-01   0.4876554E-01   0.9838241E-04  0   0.6509600E-01
   0.9023665E+00   0.1088744E+01   0.9983864E+00   0.4805292E-01   0.1132842E-01  -0.1373129E-01   0.1826584E-04  0   0.3052916E-01
   0.9291588E+00   0.9265660E+00   0.9762367E+00   0.2003414E-01   0.4973081E-02   0.3255713E-01   0.5323781E-04  0   0.7211747E-01
   0.1032467E+01   0.9106338E+00   0.9342930E+00   0.1186593E-01   0.2587327E-01   0.4100586E-01   0.5373394E-04  0   0.5847528E-01
   0.1048002E+01   0.9713405E+00   0.1064372E+01   0.5205563E-02   0.1508027E-01  -0.3124336E-01   0.7140001E-04  0   0.4701834E-01
   0.9044793E+00   0.1031436E+01   0.9239283E+00  -0.1146487E-01  -0.2573550E-01   0.4653448E-01   0.8183092E-04  0   0.7768485E-01
   0.1098470E+01   0.9562562E+00   0.1095686E+01   0.4528690E-01  -0.2568920E-01  -0.8337912E-02   0.4852906E-04  0   0.8226619E-01
   0.9390566E+00   0.1027868E+01   0.1025936E+01  -0.3971306E-01  -0.3612547E-01  -0.4507869E-02   0.7357807E-04  0   0.3613848E-01
   0.9849831E+00   0.1040961E+01   0.9730800E+00  -0.2996235E-01  -0.9040875E-02  -0.2607767E-01   0.9843672E-04  0   0.4000776E-01
   0.9158162E+00   0.9407635E+00   0.9034703E+00  -0.1656900E-01  -0.2151427E-01   0.3454138E-01   0.7050045E-04  0   0.1291392E+00
   0.1042022E+01   0.9509295E+00   0.1064545E+01  -0.2183853E-01   0.1247996E-01   0.2458069E-01   0.4944340E-04  0   0.3357350E-01
   0.9255787E+00   0.9558367E+00   0.1084695E+01   0.4863013E-01   0.2892914E-01  -0.1520733E-01   0.8739346E-04  0   0.5362919E-01
   0.9386183E+00   0.9128822E+00   0.9090441E+00  -0.3534818E-01   0.3069034E-01   0.1560188E-01   0.7643247E-04  0   0.1314491E+00
   0.9648730E+00   0.1096735E+01   0.1022751E+01  -0.2074774E-01  -0.4438023E-03   0.2361289E-01   0.2446749E-04  0   0.3360791E-01
   0.9031317E+00   0.9957047E+00   0.1055323E+01   0.4069259E-01   0.4151936E-01  -0.1661707E-01   0.3953262E-05  0   0.2630440E-01
   0.1065740E+01   0.9918726E+00   0.9029689E+00  -0.1609022E-01  -0.4418025E-01  -0.4072265E-01   0.2993135E-04  0   0.3511216E-01
   0.9790373E+00   0.1023986E+01   0.1065044E+01  -0.1609236E-01  -0.1915320E-01  -0.1390789E-01   0.6517311E-04  0   0.3746132E-01
   0.9921895E+00   0.9764826E+00   0.1028623E+01  -0.2583481E-01   0.2156781E-01   0.3568018E-01   0.4116857E-04  0   0.1983716E-01
   0.1046261E+01   0.1001984E+01   0.9560328E+00   0.4930563E-01   0.2612468E-01  -0.4672811E-01   0.1639408E-04  0   0.2111748E-01
   0.1034417E+01   0.9180084E+00   0.9922384E+00  -0.2361615E-01  -0.1445091E-01   0.2231385E-01   0.7066606E-04  0   0.3826194E-01
   0.1016968E+01   0.1038849E+01   0.9221385E+00   0.2625723E-02   0.4936769E-01   0.2262536E-01   0.2729268E-05  0   0.1676533E-01
   0.9407236E+00   0.1072651E+01   0.9384991E+00  -0.4118403E-01  -0.2587187E-01   0.4105232E-01   0.7604874E-04  0   0.5020436E-01
   0.9155092E+00   0.1074295E+01   0.1011438E+01  -0.1028130E-01   0.4993098E-01   0.2700188E-01   0.8298588E-04  0   0.4880350E-01
   0.1050679E+01   0.1012044E+01   0.1038885E+01   0.3756091E-01  -0.4856630E-01  -0.2142587E-01   0.7856615E-04  0   0.5884248E-01
   0.1061543E+01   0.1010508E+01   0.9971678E+00   0.3673894E-02  -0.4546571E-01  -0.3561614E-01   0.1813251E-04  0   0.2500095E-01
   0.1054125E+01   0.9319057E+00   0.9937920E+00  -0.3369839E-01   0.4885257E-02  -0.1949621E-01   0.7801306E-04  0   0.3768506E-01
   0.1015004E+01   0.9288175E+00   0.9386594E+00   0.1910796E-01   0.4501883E-01  -0.3685890E-01   0.1544160E-04  0   0.4368855E-01
   0.9759463E+00   0.9795962E+00   0.9002012E+00  -0.8681036E-02   0.3038133E-01   0.3778644E-01   0.7099942E-04  0   0.6914073E-01
   0.9086103E+00   0.1013130E+01   0.9116404E+00   0.3713538E-01  -0.1556837E-01  -0.1016646E-02   0.1407890E-04  0   0.6718875E-01
   0.9477126E+00   0.1009930E+01   0.1042774E+01   0.4028269E-01   0.2573748E-01   0.3922596E-02   0.2822166E-04  0   0.1892600E-01
   0.1055390E+01   0.1075803E+01   0.1020548E+01  -0.4384830E-01  -0.6087917E-02  -0.4912946E-01   0.6459213E-04  0   0.8061428E-01
   0.1094700E+01   0.1091034E+01   0.9426575E+00   0.1739669E-01   0.3615433E-02  -0.1403022E-01   0.2995751E-04  0   0.5992689E-01
   0.1069887E+01   0.9842944E+00   0.1049569E+01  -0.4883557E-01   0.1143683E-01  -0.5556399E-02   0.1373007E-06  0   0.3078034E-01
   0.1037749E+01   0.1087825E+01   0.1043346E+01  -0.4833430E-02   0.1345060E-01  -0.2758059E-01   0.6626608E-04  0   0.8528751E-01
   0.1066020E+01   0.9278021E+00   0.1051186E+01   0.2929893E-01  -0.2720938E-01   0.2808676E-02   0.3981621E-04  0   0.3294589E-01
   0.9347901E+00   0.9295060E+00   0.1062002E+01  -0.2485149E-01  -0.8994195E-02   0.4565966E-01   0.1374499E-04  0   0.3298946E-01
   0.1067077E+01   0.1055367E+01   0.1007577E+01   0.1112887E-01   0.1941230E-01   0.1006831E-01   0.7197399E-04  0   0.6334426E-01
   0.1009839E+01   0.9585793E+00   0.9411713E+00   0.3430652E-01   0.1514968E-01   0.4630832E-01   0.9634869E-05  0   0.2893178E-01
   0.9807763E+00   0.9257229E+00   0.9275586E+00  -0.2848750E-01   0.2300966E-02   0.2097266E-01   0.6099558E-04  0   0.7305009E-01
   0.9368912E+00   0.1072618E+01   0.9628604E+00  -0.4969353E-01   0.4995778E-01   0.3804004E-01   0.5223889E-04  0   0.4317788E-01
   0.1008784E+01   0.1052199E+01   0.1036324E+01  -0.7868998E-02   0.9472992E-02  -0.5354893E-02   0.2437735E-04  0   0.2811989E-01
   0.9332709E+00   0.1094914E+01   0.9173823E+00  -0.3488877E-01   0.4099013E-01  -0.2944719E-01   0.9444991E-04  0   0.6529951E-01
   0.9268292E+00   0.1039489E+01   0.1095412E+01  -0.4971635E-01  -0.5779429E-03  -0.2523411E-01   0.2215435E-04  0   0.3725258E-01
   0.9208635E+00   0.1055046E+01   0.9209163E+00   0.1207136E-01  -0.1656667E-01   0.4777410E-01   0.9025674E-04  0   0.6684167E-01
   0.1065536E+01   0.1093626E+01   0.9554877E+00  -0.1339484E-01  -0.3457757E-01   0.4809066E-01   0.6919266E-04  0   0.7028230E-01
   0.9468551E+00   0.9246785E+00   0.9732446E+00   0.3394463E-01  -0.3742072E-01   0.4899742E-01   0.9317469E-04  0   0.8460951E-01
   0.1092287E+01   0.1092108E+01   0.1050646E+01   0.1455994E-01   0.1648841E-01   0.3792932E-01   0.4800112E-04  0   0.1343663E+00
   0.1039255E+01   0.1006870E+01   0.1049762E+01   0.3267598E-01  -0.4958711E-01  -0.2751206E-01   0.7296339E-04  0   0.5459466E-01
   0.1025732E+01   0.9097509E+00   0.1032640E+01  -0.3221671E-01   0.8209979E-02   0.4610329E-01   0.4141125E-04  0   0.3225649E-01
   0.9560083E+00   0.1075660E+01   0.1035397E+01  -0.2638019E-01  -0.3135870E-01  -0.4379220E-01   0.2860180E-04  0   0.3393432E-01
   0.9427307E+00   0.9853340E+00   0.9193447E+00  -0.2649804E-01  -0.3702837E-01   0.4428943E-01   0.1668832E-04  0   0.5963135E-01
   0.9139551E+00   0.9985234E+00   0.1039331E+01   0.2422950E-01  -0.3783506E-01   0.4147754E-02   0.3355427E-04  0   0.2800304E-01
   0.1037032E+01   0.1066792E+01   0.1086427E+01   0.2664820E-01   0.9354550E-02  -0.9527140E-02   0.4507251E-04  0   0.9183965E-01
   0.9269432E+00   0.9720279E+00   0.9225753E+00   0.1316809E-01  -0.3440805E-01  -0.9581469E-02   0.9996987E-04  0   0.9259157E-01
   0.1037058E+01   0.1022522E+01   0.9488903E+00  -0.3552762E-01   0.2179957E-01   0.3198652E-01   0.1854168E-04  0   0.1680850E-01
   0.9253519E+00   0.9572686E+00   0.1097351E+01  -0.2545253E-01  -0.1086817E-02  -0.4703055E-01   0.1186997E-04  0   0.2899040E-01
   0.9907546E+00   0.9576760E+00   0.1043013E+01  -0.6409491E-02   0.1116082E-01   0.6198406E-02   0.2349636E-04  0   0.1186358E-01
   0.1054318E+01   0.9996272E+00   0.9907585E+00   0.1956466E-01  -0.3185319E-01  -0.5860963E-02   0.3431726E-04  0   0.2078175E-01
   0.9117501E+00   0.9737705E+00   0.9861694E+00  -0.3013446E-01  -0.1050042E-01  -0.2531013E-01   0.4367593E-04  0   0.5038311E-01
   0.1081530E+01   0.1003948E+01   0.9169211E+00  -0.1040523E-01  -0.3985136E-01  -0.4521077E-01   0.6216444E-05  0   0.2491030E-01
   0.1028692E+01   0.1009773E+01   0.9368701E+00  -0.7309986E-02   0.1276093E-01  -0.4127566E-01   0.2396228E-04  0   0.1780623E-01
   0.1068949E+01   0.9818953E+00   0.9406303E+00   0.3271428E-01   0.4658284E-01  -0.1222646E-01   0.5371040E-04  0   0.3402665E-01
   0.1035549E+01   0.9891378E+00   0.9344165E+00  -0.1479793E-01  -0.1708603E-01   0.2468262E-01   0.6471334E-04  0   0.3155330E-01
   0.1012258E+01   0.9264886E+00   0.1059675E+01  -0.2940400E-01  -0.4734449E-01  -0.3037610E-01   0.2715104E-04  0   0.2719257E-01
   0.1064355E+01   0.1088890E+01   0.9935992E+00  -0.3864082E-01  -0.3395052E-01   0.3452381E-01   0.7845247E-06  0   0.5611127E-01
   0.9602787E+00   0.9502343E+00   0.9401730E+00  -0.2392102E-01  -0.2428949E-01   0.1286174E-01   0.8537071E-04  0   0.6936815E-01
   0.1073979E+01   0.1029722E+01   0.1077886E+01   0.2952476E-01   0.3801662E-01  -0.2852728E-01   0.4739702E-04  0   0.9120623E-01
   0.1043823E+01   0.9221305E+00   0.1091492E+01   0.1469474E-01   0.8182608E-02  -0.4870780E-01   0.9518357E-04  0   0.6244836E-01
   0.1060091E+01   0.9655795E+00   0.1015881E+01  -0.4760384E-01   0.1699048E-01  -0.3185507E-01   0.2761723E-04  0   0.2485755E-01
   0.1031691E+01   0.1017793E+01   0.9127395E+00  -0.3671806E-01   0.2416631E-01   0.3318279E-04   0.2866185E-04  0   0.2494903E-01
   0.1098148E+01   0.9006847E+00   0.1039858E+01   0.2590520E-01  -0.2457817E-01  -0.1685343E-01   0.3144077E-05  0   0.2953983E-01
   0.1098317E+01   0.9979350E+00   0.1012227E+01   0.1064142E-01  -0.4143241E-01  -0.2418268E-01   0.5728660E-04  0   0.5505578E-01
   0.1062665E+01   0.1044924E+01   0.1098606E+01  -0.4343472E-01  -0.4251950E-01   0.3311943E-01   0.4704014E-04  0   0.1144306E+00
   0.1032406E+01   0.9508078E+00   0.9966075E+00   0.1124023E-01   0.1830063E-01  -0.9935027E-02   0.4127488E-04  0   0.1848789E-01
   0.1081983E+01   0.9951356E+00   0.1071264E+01   0.4168447E-01   0.1539634E-02   0.2188967E-01   0.2108018E-04  0   0.6020043E-01
   0.9124020E+00   0.9753037E+00   0.9517985E+00   0.4040931E-02   0.3434374E-02  -0.4689577E-01   0.2875525E-04  0   0.6303546E-01
   0.9846623E+00   0.1029721E+01   0.9318007E+00  -0.1122886E-01   0.1038850E-01   0.4003414E-02   0.4221838E-04  0   0.2404917E-01
   0.9234669E+00   0.1070966E+01   0.1016091E+01   0.2313998E-02  -0.2451585E-02  -0.4660472E-01   0.7060014E-04  0   0.4043303E-01
   0.1063694E+01   0.9112665E+00   0.9425435E+00   0.2432373E-01  -0.1901547E-01  -0.3849665E-01   0.7668594E-04  0   0.5600748E-01
   0.9718787E+00   0.1081716E+01   0.9424562E+00  -0.1410544E-01  -0.4056297E-01   0.1518875E-01   0.8681636E-04  0   0.4526249E-01
   0.1052772E+01   0.1078490E+01   0.1067062E+01   0.7618998E-03  -0.4486270E-03   0.4114805E-03   0.9046368E-04  0   0.1149753E+00
   0.9766739E+00   0.9183622E+00   0.1085214E+01   0.2081687E-01   0.3312630E-01   0.3010882E-01   0.7686114E-04  0   0.4664773E-01
   0.1062999E+01   0.1043853E+01   0.1099632E+01   0.4368513E-01   0.1909942E-01   0.2208745E-01   0.5891144E-04  0   0.1152956E+00
   0.1077122E+01   0.1052259E+01   0.1036810E+01   0.3627401E-01  -0.2029500E-01   0.4828992E-01   0.6334331E-04  0   0.8806425E-01
   0.1027156E+01   0.9133300E+00   0.9345927E+00  -0.3616577E-02  -0.6091911E-02   0.3041041E-01   0.9714680E-05  0   0.4238310E-01
   0.1052493E+01   0.1041668E+01   0.9492958E+00   0.4011775E-01  -0.4366046E-01  -0.4820496E-01   0.4288731E-04  0   0.3740902E-01
   0.9977239E+00   0.9769197E+00   0.9163511E+00  -0.2035451E-02  -0.3004697E-01  -0.1457783E-01   0.9473752E-04  0   0.5763155E-01
   0.1081253E+01   0.1087250E+01   0.1049089E+01   0.4678028E-01   0.3785589E-01  -0.2417157E-01   0.4313076E-04  0   0.1205748E+00
   0.9158248E+00   0.9036270E+00   0.9668157E+00  -0.1651880E-01   0.4286613E-03  -0.1191201E-01   0.7937433E-04  0   0.1089553E+00
   0.9522494E+00   0.9988782E+00   0.1047929E+01   0.1180268E-01   0.1768529E-01   0.2346572E-01   0.8932449E-04  0   0.3723354E-01
   0.1031818E+01   0.1080413E+01   0.9543905E+00   0.4337961E-01  -0.3597988E-01  -0.1636616E-01   0.8658233E-04  0   0.5562466E-01
   0.9002541E+00   0.9463530E+00   0.1091680E+01   0.3857658E-01   0.5646542E-02  -0.1626878E-01   0.4741713E-04  0   0.4741035E-01
   0.9765943E+00   0.1033204E+01   0.1082812E+01  -0.8734670E-02   0.4883322E-01  -0.3321638E-01   0.1866414E-04  0   0.3670341E-01
   0.1001679E+01   0.9948697E+00   0.9312228E+00  -0.1323711E-02   0.3068909E-01   0.4878598E-01   0.1246866E-04  0   0.2420991E-01
   0.1092194E+01   0.1040303E+01   0.9961703E+00  -0.5781291E-02  -0.4752308E-01  -0.2582934E-01   0.8535449E-05  0   0.4665106E-01
   0.9008519E+00   0.9522966E+00   0.1019476E+01  -0.4680448E-01  -0.2210504E-02  -0.2258598E-01   0.1174044E-04  0   0.4775862E-01
   0.9153803E+00   0.1071794E+01   0.1014378E+01  -0.4154965E-01   0.6882505E-02   0.1202247E-01   0.7761483E-05  0   0.2027555E-01
   0.1097807E+01   0.9593932E+00   0.9108848E+00   0.4562602E-01   0.3530136E-01  -0.4452899E-01   0.7388100E-04  0   0.5766670E-01
   0.9973890E+00   0.9931970E+00   0.9152952E+00   0.2872766E-01  -0.1762971E-01   0.2194523E-01   0.9710077E-04  0   0.5513788E-01
   0.1003669E+01   0.9629138E+00   0.1081930E+01   0.2816254E-01  -0.1909504E-02  -0.4794785E-01   0.7270866E-04  0   0.4419706E-01
   0.1074847E+01   0.9913176E+00   0.9395583E+00   0.1526814E-01   0.3032155E-01  -0.2643891E-01   0.1481964E-04  0   0.1887110E-01
   0.9451945E+00   0.9235283E+00   0.1066710E+01  -0.4605229E-02   0.3910877E-01  -0.3440242E-01   0.4857416E-04  0   0.4169208E-01
   0.9304191E+00   0.1020719E+01   0.1085731E+01   0.4676298E-01  -0.3790370E-01  -0.3339125E-01   0.1885199E-04  0   0.3209258E-01
   0.1049702E+01   0.1088414E+01   0.9580950E+00  -0.2819563E-01   0.1692026E-01   0.4258369E-01   0.8622065E-04  0   0.6551634E-01
   0.1035204E+01   0.9004399E+00   0.1019633E+01   0.3252507E-01   0.4433814E-01   0.3200940E-02   0.6243742E-04  0   0.4186629E-01
   0.1034556E+01   0.9987561E+00   0.9235561E+00  -0.4703655E-01  -0.2520452E-01  -0.2305997E-01   0.3846967E-04  0   0.2974124E-01
   0.9057721E+00   0.1047691E+01   0.1066906E+01  -0.3259129E-01   0.2946007E-01   0.6408362E-02   0.8186091E-04  0   0.4958962E-01
   0.9996282E+00   0.9502619E+00   0.9863215E+00  -0.3314810E-01  -0.1735429E-01  -0.4832336E-01   0.4951347E-04  0   0.3232835E-01
   0.9900204E+00   0.1093477E+01   0.9441538E+00  -0.7942267E-02   0.1767265E-01  -0.2506493E-01   0.1834452E-04  0   0.2219205E-01
   0.1065944E+01   0.9323522E+00   0.1084121E+01  -0.3085284E-01   0.2976268E-01   0.4839522E-01   0.7809638E-04  0   0.6472291E-01
   0.1039591E+01   0.1060997E+01   0.1062350E+01  -0.1157893E-01   0.1368881E-01  -0.2630470E-01   0.8841933E-04  0   0.8950536E-01
   0.1042103E+01   0.9010713E+00   0.9438465E+00   0.3992715E-01   0.9880555E-02  -0.9183540E-02   0.8005533E-04  0   0.6352033E-01
   0.9210486E+00   0.1014601E+01   0.9477279E+00   0.1503058E-01   0.4019165E-01  -0.2977558E-02   0.1002944E-04  0   0.3774984E-01
   0.1051779E+01   0.9825279E+00   0.1099756E+01   0.5981730E-02  -0.2848476E-01  -0.4248829E-01   0.5759947E-04  0   0.6944247E-01
   0.9916838E+00   0.1078753E+01   0.1023738E+01   0.1386630E-01   0.4151803E-01  -0.1385473E-01   0.1539603E-04  0   0.3110993E-01
   0.9304715E+00   0.1094910E+01   0.9829928E+00   0.2418302E-01  -0.4695840E-01  -0.1473397E-02   0.9143968E-04  0   0.5253411E-01
